oddball: 5.316715542521994
flower: 5.914893617021277
mumzy: 7.988939492517892
sam: 8.732423924449108
childless alana: 6.174801362088536
